2001    2002    2003    2
2001    2002    2003    4
2001    2002    2003    50
2001    2002    2004    110
2001    2002    2001    200
2001    2002    2007    400
2001    2002    2011    500
2001    2002    2011    500
2001    2002    2011    500
2001    2002    2011    500
2001    2002    2011    500
2001    2002    2011    500
2001    2002    2020    1100
2001    2002    2009    2000
2001    2002    1999    4000
2001    2002    2015    5000
2001    2002    2018    11000
2001    2002    2003    2
2001    2002    2003    4
2001    2002    2003    50
2001    2002    2004    110
2001    2002    2001    200
2001    2002    2007    400
2001    2002    2011    500
2001    2002    2011    500
2001    2002    2011    500
2001    2002    2011    500
2001    2002    2011    500
2001    2002    2011    500
2001    2002    2020    1100
2001    2002    2009    2000
2001    2002    1999    4000
2001    2002    2015    5000
2001    2002    2018    11000
2001    2002    2003    2
2001    2002    2003    4
2001    2002    2003    50
2001    2002    2004    110
2001    2002    2001    200
2001    2002    2007    400
2001    2002    2011    500
2001    2002    2011    500
2001    2002    2011    500
2001    2002    2011    500
2001    2002    2011    500
2001    2002    2011    500
2001    2002    2020    1100
2001    2002    2009    2000
2001    2002    1999    4000
2001    2002    2015    5000
2001    2002    2018    11000
2001    2002    2003    2
2001    2002    2003    4
2001    2002    2003    50
2001    2002    2004    110
2001    2002    2001    200
2001    2002    2007    400
2001    2002    2011    500
2001    2002    2011    500
2001    2002    2011    500
2001    2002    2011    500
2001    2002    2011    500
2001    2002    2011    500
2001    2002    2020    1100
2001    2002    2009    2000
2001    2002    1999    4000
2001    2002    2015    5000
2001    2002    2018    11000
