0    1990    0
0    1991    0
0    1992    0
0    1993    0
0    1994    0
0    1995    0
0    1996    0
0    1997    0
0    1998    0
0    1999    235
0    2000    0
0    2001    11
0    2002    0
0    2003    3
0    2004    6
0    2005    0
0    2006    0
0    2007    23
0    2008    0
0    2009    117
0    2010    0
0    2011    176
0    2012    0
0    2013    0
0    2014    0
0    2015    294
0    2016    0
0    2017    0
0    2018    647
0    2019    0
0    1990    0
0    1991    0
0    1992    0
0    1993    0
0    1994    0
0    1995    0
0    1996    0
0    1997    0
0    1998    0
0    1999    235
0    2000    0
0    2001    11
0    2002    0
0    2003    3
0    2004    6
0    2005    0
0    2006    0
0    2007    23
0    2008    0
0    2009    117
0    2010    0
0    2011    176
0    2012    0
0    2013    0
0    2014    0
0    2015    294
0    2016    0
0    2017    0
0    2018    647
0    2019    0
0    1990    0
0    1991    0
0    1992    0
0    1993    0
0    1994    0
0    1995    0
0    1996    0
0    1997    0
0    1998    0
0    1999    235
0    2000    0
0    2001    11
0    2002    0
0    2003    3
0    2004    6
0    2005    0
0    2006    0
0    2007    23
0    2008    0
0    2009    117
0    2010    0
0    2011    176
0    2012    0
0    2013    0
0    2014    0
0    2015    294
0    2016    0
0    2017    0
0    2018    647
0    2019    0
